100564474
200564745
300564936
400565124
500565462
600565644
700565760
800565946
600566032
900566177
000566347
E00566572
T00566815
100567196
200567430
300567629
600567711
400567838
500567906
600568091
700568297
800568542
900568751
000568909
E00568986
T00569271
100569773
200569961
300570138
400570336
500570539
600570657
700570834
600571042
800571075
900571228
000571384
E00571578
T00571796
100572236
200572412
300572577
600572642
400572726
500572900
600573023
700573201
800573387
900573557
000573712
E00573868
T00574166
100574832
200575036
300575177
400575323
500575498
600575659
700575782
800576017
600576046
900576179
000576328
E00576463
T00576632
100576976
200577162
300577366
400577559
600577565
500577770
600577944
700578114
800578327
900578477
000578629
E00578784
T00579018
100579619
200579782
300579948
400580108
500580274
600580461
700580612
800580817
600580847
900580958
000581085
E00581310
T00581494
100581950
200582079
300582282
600582386
400582418
500582590
600582767
700582867
800583102
900583284
000583419
E00583558
T00583835
100584459
200584635
300584774
400584925
500585104
600585302
700585452
800585667
600585689
900585801
000585965
E00586134
T00586326
100586707
200586843
300586995
600587151
400587159
500587354
600587530
700587727
800587937
900588105
000588262
E00588401
T00588654
100589271
200589428
300589566
400589731
500589898
600590081
700590265
800590460
600590468
900590596
000590777
E00590914
T00591096
100591502
200591644
300591795
400591972
600592023
500592225
600592405
700592521
800592720
900592896
000593060
E00593174
T00593465
100594081
200594245
300594385
400594523
500594686
600594888
700595034
800595232
600595275
900595327
000595523
E00595722
T00595892
100596249
200596427
300596614
600596798
400596824
500597041
600597179
700597341
800597544
900597697
000597892
E00598030
T00598260
100702871
200703066
300703232
400703416
500703667
600703881
700704065
600704268
800704307
900704512
000704709
E00704988
T00705202
100705461
200705667
300705866
600705932
400706031
500706183
600706314
700706494
800706713
900706945
000707123
E00707271
T00707501
100708035
200708299
300708434
400708602
500708795
600709035
700709291
600709422
800709469
900709610
000709782
E00709829
T00710039
100710405
200710604
300710762
400710941
600710944
500711151
600711322
700711526
800711742
900711946
000712090
E00712222
T00712403
100713093
200713273
300713444
400713562
500713734
600713945
700714074
800714295
600714333
900714432
000714593
E00714801
T00714916
100715398
200715557
300715729
600715832
400715874
500716057
600716214
700716420
800716625
900716806
000716975
E00717068
T00717294
100717936
200718112
300718274
400718402
500718555
600718747
700718919
600719134
800719146
900719280
000719454
E00719615
T00719786
100720176
200720354
300720524
600720655
400720703
500720854
600721035
700721198
800721424
900721611
000721761
E00721909
T00722099
100722723
200722856
300723003
400723145
500723356
600723600
700723693
800723920
600723987
900724038
000724198
E00724391
T00724562
100725019
200725176
300725333
600725449
400725514
500725652
600725831
700725959
800726174
900726355
000726502
E00726628
T00726849
100727529
200727685
300727838
400727990
500728121
600728334
700728501
600728721
800728722
900728837
000728968
E00729144
T00729276
100729795
200729934
300730131
600730247
400730273
500730468
600730628
700730738
800730966
900731140
000731288
E00731384
T00731633
100732297
200732456
300732610
400732733
500732899
600733123
700733242
800733467
600733510
900733573
000733715
E00733866
T00734048
100734507
200734707
300734867
600734990
400735016
500735189
600735368
700735495
800735677
900735855
000736007
E00736107
T00736359
100736989
200737172
300737301
400737473
500737624
600737865
700737955
800738142
600738253
900738265
000738424
E00738619
T00738793
100739243
200739386
300739539
600739690
400739735
500739924
600740071
700740225
800740404
900740583
000740728
E00740896
T00741121
100741713
200741875
300741988
400742144
500742318
600742506
700742702
600742891
800742891
900743016
000743170
E00743387
T00743543
100743930
200744076
300744256
600744342
400744417
500744607
600744720
700744935
800745146
900745293
000745470
E00745636
T00745823
200746382
100746574
300746723
500746903
400747111
700747154
600747436
900747552
800747817
600747823
E00747911
000748170
T00748247
200748641
300748793
100749040
600749139
400749148
500749388
600749522
700749668
800749862
900750007
000750175
E00750349
T00750555
300751088
200751302
400751469
100751687
600751802
500752009
800752176
600752189
700752340
900752453
000752644
E00752854
T00752957
200753310
600753489
300753526
400753688
600753870
100754190
800754299
500754464
900754569
700754708
E00754877
000755140
T00755259
200755842
400755970
300756166
100756423
600756537
500756701
800756910
600756923
700757060
900757134
000757294
E00757506
T00757642
400757993
200758265
600758268
300758462
600758649
100758928
800758997
500759134
900759214
700759427
E00759579
000759829
T00759942
400760442
300760621
200760822
100761020
600761207
500761430
800761572
600761595
700761790
900761874
000762007
E00762206
T00762356
300762652
600762878
400762885
200763052
600763259
100763509
800763673
500763867
900763976
700764146
E00764279
000764532
T00764640
